5 5
  2.9591397690e-04    4.6666666670e-03
  0.0000000000e+00    0.0000000000e+00    0.0000000000e+00
  0.0000000000e+00    0.0000000000e+00    0.0000000000e+00
  2.8253286449e-07    4.7598670000e-04
 -5.5409618222e-01    5.2013969892e+00    1.1961163997e-02
 -7.4887861318e-03   -4.3480153883e-04   -3.8296760429e-05
  8.4507713127e-08    4.0220000000e-04
  1.7235486384e-01    9.0330384347e+00   -4.3696484527e-02
 -5.8680924048e-03    1.8641933260e-04    9.0524949754e-05
  1.2939446774e-08    1.7466667000e-04
  1.2405330735e+01   -1.5692647975e+01    8.6528501880e-02
  2.9999085815e-03    2.2721265279e-03    6.5866183126e-05
  1.5321125002e-08    1.6816667000e-04
  1.1036132413e+01   -2.7993735963e+01    3.4477035499e-01
  2.9062552492e-03    1.1743562839e-03   -1.6647863632e-05
