200
100 1.0000
  4.4496553849e+00    3.8002930874e+01   -4.5859058001e-01
 -2.7603360651e-03    3.3753902998e-04   -1.8794525019e-05
 0  0  0  0  0  0  0  0  0  0  0  0  0
 0.0e+00   0.0e+00   0.0e+00   0.0e+00   0.0e+00
 0.0e+00   0.0e+00   0.0e+00   0.0e+00   0.0e+00
 0.0e+00   0.0e+00   0.0e+00
200 1.0000
  1.4931868632e+00    6.9995131901e+00    1.2606554770e-01
 -6.2964287989e-03    1.3402121625e-03   -2.2669047317e-05
 0  0  0  0  0  0  0  0  0  0  0  0  0
 0.0e+00   0.0e+00   0.0e+00   0.0e+00   0.0e+00
 0.0e+00   0.0e+00   0.0e+00   0.0e+00   0.0e+00
 0.0e+00   0.0e+00   0.0e+00
300 1.0000
  2.4165992836e+01    2.2863315412e+01    1.1216881207e-01
 -2.0478803933e-03    2.1598918212e-03   -3.6148865501e-05
 0  0  0  0  0  0  0  0  0  0  0  0  0
 0.0e+00   0.0e+00   0.0e+00   0.0e+00   0.0e+00
 0.0e+00   0.0e+00   0.0e+00   0.0e+00   0.0e+00
 0.0e+00   0.0e+00   0.0e+00
400 1.0000
  9.7622970127e+00    2.7455049133e+01    1.1796134521e-01
 -2.9906211259e-03    1.0896465912e-03    2.5777046065e-05
 0  0  0  0  0  0  0  0  0  0  0  0  0
 0.0e+00   0.0e+00   0.0e+00   0.0e+00   0.0e+00
 0.0e+00   0.0e+00   0.0e+00   0.0e+00   0.0e+00
 0.0e+00   0.0e+00   0.0e+00
500 1.0000
  3.2875359359e+01   -6.1196560909e+00   -6.2053193275e-01
  5.5506272948e-04    2.9095287080e-03   -1.6846236718e-05
 0  0  0  0  0  0  0  0  0  0  0  0  0
 0.0e+00   0.0e+00   0.0e+00   0.0e+00   0.0e+00
 0.0e+00   0.0e+00   0.0e+00   0.0e+00   0.0e+00
 0.0e+00   0.0e+00   0.0e+00
600 1.0000
  1.4191566469e+01   -1.5835439928e+01    3.1175692168e-01
  2.7635236578e-03    2.5089321283e-03    2.9352416296e-05
 0  0  0  0  0  0  0  0  0  0  0  0  0
 0.0e+00   0.0e+00   0.0e+00   0.0e+00   0.0e+00
 0.0e+00   0.0e+00   0.0e+00   0.0e+00   0.0e+00
 0.0e+00   0.0e+00   0.0e+00
700 1.0000
 -1.8244167639e-02   -9.7594053469e+00   -1.3760214031e-01
  5.5025387933e-03   -8.9308660894e-06   -5.4076283864e-05
 0  0  0  0  0  0  0  0  0  0  0  0  0
 0.0e+00   0.0e+00   0.0e+00   0.0e+00   0.0e+00
 0.0e+00   0.0e+00   0.0e+00   0.0e+00   0.0e+00
 0.0e+00   0.0e+00   0.0e+00
800 1.0000
 -3.0356462388e+01    4.6308144911e+00   -1.5614061068e-01
 -4.7316499252e-04   -3.0669687653e-03    3.9462751047e-05
 0  0  0  0  0  0  0  0  0  0  0  0  0
 0.0e+00   0.0e+00   0.0e+00   0.0e+00   0.0e+00
 0.0e+00   0.0e+00   0.0e+00   0.0e+00   0.0e+00
 0.0e+00   0.0e+00   0.0e+00
900 1.0000
 -6.9259141774e+00   -2.3454344865e+01   -2.3917833850e-01
  3.3505033526e-03   -9.9081861869e-04    2.2358936969e-05
 0  0  0  0  0  0  0  0  0  0  0  0  0
 0.0e+00   0.0e+00   0.0e+00   0.0e+00   0.0e+00
 0.0e+00   0.0e+00   0.0e+00   0.0e+00   0.0e+00
 0.0e+00   0.0e+00   0.0e+00
1000 1.0000
 -1.5284365755e+01   -1.5100481315e+01   -1.8404443768e-01
  2.6135956471e-03   -2.6178623118e-03    5.0970785342e-05
 0  0  0  0  0  0  0  0  0  0  0  0  0
 0.0e+00   0.0e+00   0.0e+00   0.0e+00   0.0e+00
 0.0e+00   0.0e+00   0.0e+00   0.0e+00   0.0e+00
 0.0e+00   0.0e+00   0.0e+00
1100 1.0000
  2.4240578768e+01    1.2358329433e+01    1.9188177779e-02
 -1.5107542925e-03    2.9332701443e-03    4.3610060313e-05
 0  0  0  0  0  0  0  0  0  0  0  0  0
 0.0e+00   0.0e+00   0.0e+00   0.0e+00   0.0e+00
 0.0e+00   0.0e+00   0.0e+00   0.0e+00   0.0e+00
 0.0e+00   0.0e+00   0.0e+00
1200 1.0000
  1.6676041852e+01    5.0183859122e+00    3.2260697660e-01
 -1.1777370638e-03    3.9503849729e-03   -1.1969219762e-05
 0  0  0  0  0  0  0  0  0  0  0  0  0
 0.0e+00   0.0e+00   0.0e+00   0.0e+00   0.0e+00
 0.0e+00   0.0e+00   0.0e+00   0.0e+00   0.0e+00
 0.0e+00   0.0e+00   0.0e+00
1300 1.0000
  1.2826844574e+01    3.0314603637e+00    1.3637674027e-01
 -1.1255329825e-03    4.6023312734e-03   -3.8625899954e-05
 0  0  0  0  0  0  0  0  0  0  0  0  0
 0.0e+00   0.0e+00   0.0e+00   0.0e+00   0.0e+00
 0.0e+00   0.0e+00   0.0e+00   0.0e+00   0.0e+00
 0.0e+00   0.0e+00   0.0e+00
1400 1.0000
  2.7340787689e+00    3.0990824493e+00   -7.6118829327e-02
 -6.3614227701e-03    5.5843472477e-03   -1.0959049750e-06
 0  0  0  0  0  0  0  0  0  0  0  0  0
 0.0e+00   0.0e+00   0.0e+00   0.0e+00   0.0e+00
 0.0e+00   0.0e+00   0.0e+00   0.0e+00   0.0e+00
 0.0e+00   0.0e+00   0.0e+00
1500 1.0000
  1.8577106078e+01    2.6836991274e+00   -1.4302082872e-01
 -5.8849423038e-04    3.9222753490e-03    4.8899350981e-05
 0  0  0  0  0  0  0  0  0  0  0  0  0
 0.0e+00   0.0e+00   0.0e+00   0.0e+00   0.0e+00
 0.0e+00   0.0e+00   0.0e+00   0.0e+00   0.0e+00
 0.0e+00   0.0e+00   0.0e+00
1600 1.0000
  2.9746790908e+00   -2.4618797895e+01   -2.2879127140e-02
  3.4151854133e-03    4.1261568175e-04    5.7760948798e-05
 0  0  0  0  0  0  0  0  0  0  0  0  0
 0.0e+00   0.0e+00   0.0e+00   0.0e+00   0.0e+00
 0.0e+00   0.0e+00   0.0e+00   0.0e+00   0.0e+00
 0.0e+00   0.0e+00   0.0e+00
1700 1.0000
  1.5265529662e+00    3.4866539606e+01    5.9066351622e-01
 -2.9096400381e-03    1.2559425934e-04   -1.0442900590e-05
 0  0  0  0  0  0  0  0  0  0  0  0  0
 0.0e+00   0.0e+00   0.0e+00   0.0e+00   0.0e+00
 0.0e+00   0.0e+00   0.0e+00   0.0e+00   0.0e+00
 0.0e+00   0.0e+00   0.0e+00
1800 1.0000
 -5.6391405444e+00    8.9714374675e+00   -8.6284221218e-02
 -4.4669863615e-03   -2.8172224381e-03   -3.2000281005e-05
 0  0  0  0  0  0  0  0  0  0  0  0  0
 0.0e+00   0.0e+00   0.0e+00   0.0e+00   0.0e+00
 0.0e+00   0.0e+00   0.0e+00   0.0e+00   0.0e+00
 0.0e+00   0.0e+00   0.0e+00
1900 1.0000
 -3.4402264419e+00   -1.5804889267e+01   -2.2135930890e-01
  4.1714777560e-03   -9.0404375682e-04   -3.4649274871e-05
 0  0  0  0  0  0  0  0  0  0  0  0  0
 0.0e+00   0.0e+00   0.0e+00   0.0e+00   0.0e+00
 0.0e+00   0.0e+00   0.0e+00   0.0e+00   0.0e+00
 0.0e+00   0.0e+00   0.0e+00
2000 1.0000
 -4.6019368266e+00    3.3126207104e+00    8.8404722390e-02
 -4.2256132004e-03   -5.8611797060e-03    7.6819927687e-05
 0  0  0  0  0  0  0  0  0  0  0  0  0
 0.0e+00   0.0e+00   0.0e+00   0.0e+00   0.0e+00
 0.0e+00   0.0e+00   0.0e+00   0.0e+00   0.0e+00
 0.0e+00   0.0e+00   0.0e+00
2100 1.0000
  2.6563407449e+00    1.2521652879e+01    2.0400592370e-01
 -4.7028335463e-03    9.9750481657e-04   -2.3227706556e-06
 0  0  0  0  0  0  0  0  0  0  0  0  0
 0.0e+00   0.0e+00   0.0e+00   0.0e+00   0.0e+00
 0.0e+00   0.0e+00   0.0e+00   0.0e+00   0.0e+00
 0.0e+00   0.0e+00   0.0e+00
2200 1.0000
  5.0376077042e+00    1.7758211745e+01   -3.6315400759e-02
 -3.8676120679e-03    1.0837533409e-03    6.5714884298e-05
 0  0  0  0  0  0  0  0  0  0  0  0  0
 0.0e+00   0.0e+00   0.0e+00   0.0e+00   0.0e+00
 0.0e+00   0.0e+00   0.0e+00   0.0e+00   0.0e+00
 0.0e+00   0.0e+00   0.0e+00
2300 1.0000
 -1.7391572929e+01    1.7296010009e+00   -6.1854769459e-03
 -3.7905579733e-04   -4.0831347698e-03    1.9358113782e-05
 0  0  0  0  0  0  0  0  0  0  0  0  0
 0.0e+00   0.0e+00   0.0e+00   0.0e+00   0.0e+00
 0.0e+00   0.0e+00   0.0e+00   0.0e+00   0.0e+00
 0.0e+00   0.0e+00   0.0e+00
2400 1.0000
  7.9240350432e-01   -1.5459261247e+01   -2.6761133598e-01
  4.3546858571e-03    2.5034531619e-04   -2.0633847786e-06
 0  0  0  0  0  0  0  0  0  0  0  0  0
 0.0e+00   0.0e+00   0.0e+00   0.0e+00   0.0e+00
 0.0e+00   0.0e+00   0.0e+00   0.0e+00   0.0e+00
 0.0e+00   0.0e+00   0.0e+00
2500 1.0000
 -7.1761125505e+00   -1.5946606767e+01   -2.0033520304e-01
  3.7546801815e-03   -1.6881523780e-03   -5.0842213767e-05
 0  0  0  0  0  0  0  0  0  0  0  0  0
 0.0e+00   0.0e+00   0.0e+00   0.0e+00   0.0e+00
 0.0e+00   0.0e+00   0.0e+00   0.0e+00   0.0e+00
 0.0e+00   0.0e+00   0.0e+00
2600 1.0000
 -2.8481868290e+01    3.6433041401e+00   -2.6641765362e-01
 -4.1102018945e-04   -3.1698503013e-03   -5.2267906341e-06
 0  0  0  0  0  0  0  0  0  0  0  0  0
 0.0e+00   0.0e+00   0.0e+00   0.0e+00   0.0e+00
 0.0e+00   0.0e+00   0.0e+00   0.0e+00   0.0e+00
 0.0e+00   0.0e+00   0.0e+00
2700 1.0000
  8.3678947327e-01   -7.4507841034e+00   -6.8510508779e-03
  6.2386947473e-03    6.7688415992e-04   -1.1564743631e-04
 0  0  0  0  0  0  0  0  0  0  0  0  0
 0.0e+00   0.0e+00   0.0e+00   0.0e+00   0.0e+00
 0.0e+00   0.0e+00   0.0e+00   0.0e+00   0.0e+00
 0.0e+00   0.0e+00   0.0e+00
2800 1.0000
 -9.4900740478e+00   -8.5692293171e+00    6.1536777758e-02
  3.2469898766e-03   -3.5755026642e-03   -8.8373789587e-05
 0  0  0  0  0  0  0  0  0  0  0  0  0
 0.0e+00   0.0e+00   0.0e+00   0.0e+00   0.0e+00
 0.0e+00   0.0e+00   0.0e+00   0.0e+00   0.0e+00
 0.0e+00   0.0e+00   0.0e+00
2900 1.0000
 -2.3853206804e+01    2.0817083197e+01   -1.3882076556e-01
 -2.0136024581e-03   -2.3050218084e-03    3.2928806498e-05
 0  0  0  0  0  0  0  0  0  0  0  0  0
 0.0e+00   0.0e+00   0.0e+00   0.0e+00   0.0e+00
 0.0e+00   0.0e+00   0.0e+00   0.0e+00   0.0e+00
 0.0e+00   0.0e+00   0.0e+00
3000 1.0000
 -8.1223991855e+00    3.4737825109e+01   -6.5021630651e-01
 -2.8074150141e-03   -6.3103742336e-04    6.0837932083e-06
 0  0  0  0  0  0  0  0  0  0  0  0  0
 0.0e+00   0.0e+00   0.0e+00   0.0e+00   0.0e+00
 0.0e+00   0.0e+00   0.0e+00   0.0e+00   0.0e+00
 0.0e+00   0.0e+00   0.0e+00
3100 1.0000
 -1.3054417071e+01   -1.0205069474e+01    1.4456840183e-01
  2.6003646639e-03   -3.3454404922e-03   -2.2886480889e-05
 0  0  0  0  0  0  0  0  0  0  0  0  0
 0.0e+00   0.0e+00   0.0e+00   0.0e+00   0.0e+00
 0.0e+00   0.0e+00   0.0e+00   0.0e+00   0.0e+00
 0.0e+00   0.0e+00   0.0e+00
3200 1.0000
 -2.2767118720e+01    9.0484903115e+00    4.0452264760e-01
 -1.2770102772e-03   -3.2304668054e-03    2.0448731260e-05
 0  0  0  0  0  0  0  0  0  0  0  0  0
 0.0e+00   0.0e+00   0.0e+00   0.0e+00   0.0e+00
 0.0e+00   0.0e+00   0.0e+00   0.0e+00   0.0e+00
 0.0e+00   0.0e+00   0.0e+00
3300 1.0000
 -1.5874641721e+01    2.1270175599e+00   -5.2132919677e-02
 -5.5424853848e-04   -4.2738073481e-03   -3.8016184065e-05
 0  0  0  0  0  0  0  0  0  0  0  0  0
 0.0e+00   0.0e+00   0.0e+00   0.0e+00   0.0e+00
 0.0e+00   0.0e+00   0.0e+00   0.0e+00   0.0e+00
 0.0e+00   0.0e+00   0.0e+00
3400 1.0000
 -1.1262103128e+01   -2.0124024252e+00    1.9603438300e-01
  8.7184398277e-04   -5.0007900858e-03   -3.1164534690e-05
 0  0  0  0  0  0  0  0  0  0  0  0  0
 0.0e+00   0.0e+00   0.0e+00   0.0e+00   0.0e+00
 0.0e+00   0.0e+00   0.0e+00   0.0e+00   0.0e+00
 0.0e+00   0.0e+00   0.0e+00
3500 1.0000
 -7.7343116802e+00   -1.3861810795e+01    1.3622287548e-01
  3.7660817207e-03   -2.0841143965e-03   -6.2554967687e-06
 0  0  0  0  0  0  0  0  0  0  0  0  0
 0.0e+00   0.0e+00   0.0e+00   0.0e+00   0.0e+00
 0.0e+00   0.0e+00   0.0e+00   0.0e+00   0.0e+00
 0.0e+00   0.0e+00   0.0e+00
3600 1.0000
 -1.6338471624e+01   -8.7870453459e+00    1.4977596633e-01
  1.9009053743e-03   -3.5116296606e-03   -6.8253034641e-05
 0  0  0  0  0  0  0  0  0  0  0  0  0
 0.0e+00   0.0e+00   0.0e+00   0.0e+00   0.0e+00
 0.0e+00   0.0e+00   0.0e+00   0.0e+00   0.0e+00
 0.0e+00   0.0e+00   0.0e+00
3700 1.0000
 -1.2404165626e+01   -3.2226949407e+00    8.9739245742e-02
  1.2401997822e-03   -4.6613553325e-03   -5.8411922845e-05
 0  0  0  0  0  0  0  0  0  0  0  0  0
 0.0e+00   0.0e+00   0.0e+00   0.0e+00   0.0e+00
 0.0e+00   0.0e+00   0.0e+00   0.0e+00   0.0e+00
 0.0e+00   0.0e+00   0.0e+00
3800 1.0000
 -7.0470199986e-01   -6.1652415179e+00    6.7346670040e-02
  6.8663537239e-03   -8.2595464394e-04    7.4292625597e-05
 0  0  0  0  0  0  0  0  0  0  0  0  0
 0.0e+00   0.0e+00   0.0e+00   0.0e+00   0.0e+00
 0.0e+00   0.0e+00   0.0e+00   0.0e+00   0.0e+00
 0.0e+00   0.0e+00   0.0e+00
3900 1.0000
  2.6666233551e+00    4.1696364002e+00    2.8445597434e-02
 -6.5125131388e-03    4.1583611268e-03   -1.0603343778e-04
 0  0  0  0  0  0  0  0  0  0  0  0  0
 0.0e+00   0.0e+00   0.0e+00   0.0e+00   0.0e+00
 0.0e+00   0.0e+00   0.0e+00   0.0e+00   0.0e+00
 0.0e+00   0.0e+00   0.0e+00
4000 1.0000
  8.0521508674e+00    2.1853416202e+01    1.8353967303e-01
 -3.3429433832e-03    1.2223499694e-03   -1.0398521269e-05
 0  0  0  0  0  0  0  0  0  0  0  0  0
 0.0e+00   0.0e+00   0.0e+00   0.0e+00   0.0e+00
 0.0e+00   0.0e+00   0.0e+00   0.0e+00   0.0e+00
 0.0e+00   0.0e+00   0.0e+00
4100 1.0000
  6.6011068922e-01   -1.7214201807e+01   -2.2790506172e-01
  4.1282313950e-03    1.6001895855e-04    2.4679635008e-05
 0  0  0  0  0  0  0  0  0  0  0  0  0
 0.0e+00   0.0e+00   0.0e+00   0.0e+00   0.0e+00
 0.0e+00   0.0e+00   0.0e+00   0.0e+00   0.0e+00
 0.0e+00   0.0e+00   0.0e+00
4200 1.0000
 -1.3914224128e+01   -1.7390110067e+01   -3.9266991060e-01
  2.8596890010e-03   -2.2599132028e-03   -2.1532487066e-06
 0  0  0  0  0  0  0  0  0  0  0  0  0
 0.0e+00   0.0e+00   0.0e+00   0.0e+00   0.0e+00
 0.0e+00   0.0e+00   0.0e+00   0.0e+00   0.0e+00
 0.0e+00   0.0e+00   0.0e+00
4300 1.0000
  3.0469407340e+01   -3.4397108103e+00   -2.2340881540e-01
  3.5539367702e-04    3.0827842982e-03    3.7710914986e-05
 0  0  0  0  0  0  0  0  0  0  0  0  0
 0.0e+00   0.0e+00   0.0e+00   0.0e+00   0.0e+00
 0.0e+00   0.0e+00   0.0e+00   0.0e+00   0.0e+00
 0.0e+00   0.0e+00   0.0e+00
4400 1.0000
 -1.4544134606e+00    9.0485963348e+00   -8.6551872728e-02
 -5.6111161984e-03   -9.4097997042e-04   -7.4968650021e-05
 0  0  0  0  0  0  0  0  0  0  0  0  0
 0.0e+00   0.0e+00   0.0e+00   0.0e+00   0.0e+00
 0.0e+00   0.0e+00   0.0e+00   0.0e+00   0.0e+00
 0.0e+00   0.0e+00   0.0e+00
4500 1.0000
 -6.4024899625e+00    3.3255028315e+00    1.0306297767e-01
 -2.9498391738e-03   -5.6900685718e-03    7.0871481897e-05
 0  0  0  0  0  0  0  0  0  0  0  0  0
 0.0e+00   0.0e+00   0.0e+00   0.0e+00   0.0e+00
 0.0e+00   0.0e+00   0.0e+00   0.0e+00   0.0e+00
 0.0e+00   0.0e+00   0.0e+00
4600 1.0000
  2.4718460845e+01    2.0113709553e+01    3.4389626062e-01
 -1.9264244528e-03    2.3786883374e-03    2.4295356339e-06
 0  0  0  0  0  0  0  0  0  0  0  0  0
 0.0e+00   0.0e+00   0.0e+00   0.0e+00   0.0e+00
 0.0e+00   0.0e+00   0.0e+00   0.0e+00   0.0e+00
 0.0e+00   0.0e+00   0.0e+00
4700 1.0000
 -3.1538567799e+00    8.5426554920e+00   -8.9472070958e-02
 -5.3536845984e-03   -1.9722064318e-03    4.1406445253e-05
 0  0  0  0  0  0  0  0  0  0  0  0  0
 0.0e+00   0.0e+00   0.0e+00   0.0e+00   0.0e+00
 0.0e+00   0.0e+00   0.0e+00   0.0e+00   0.0e+00
 0.0e+00   0.0e+00   0.0e+00
4800 1.0000
  6.8832603855e+00    1.5279060798e+01    2.9148429683e-01
 -3.8286062587e-03    1.7086449028e-03    3.0175135184e-05
 0  0  0  0  0  0  0  0  0  0  0  0  0
 0.0e+00   0.0e+00   0.0e+00   0.0e+00   0.0e+00
 0.0e+00   0.0e+00   0.0e+00   0.0e+00   0.0e+00
 0.0e+00   0.0e+00   0.0e+00
4900 1.0000
  4.1010719502e+00    1.5439546373e+00   -6.1905220751e-02
 -2.9002819782e-03    7.6866804703e-03    1.6701901105e-05
 0  0  0  0  0  0  0  0  0  0  0  0  0
 0.0e+00   0.0e+00   0.0e+00   0.0e+00   0.0e+00
 0.0e+00   0.0e+00   0.0e+00   0.0e+00   0.0e+00
 0.0e+00   0.0e+00   0.0e+00
5000 1.0000
 -8.9650633928e+00   -3.2818920546e+00    1.0734620835e-01
  1.9154834939e-03   -5.2273303255e-03   -3.4534122163e-05
 0  0  0  0  0  0  0  0  0  0  0  0  0
 0.0e+00   0.0e+00   0.0e+00   0.0e+00   0.0e+00
 0.0e+00   0.0e+00   0.0e+00   0.0e+00   0.0e+00
 0.0e+00   0.0e+00   0.0e+00
5100 1.0000
  5.8477525004e-01   -3.9979297419e+01    3.0882822041e-01
  2.7187417329e-03    3.6674439772e-05    1.3957209863e-05
 0  0  0  0  0  0  0  0  0  0  0  0  0
 0.0e+00   0.0e+00   0.0e+00   0.0e+00   0.0e+00
 0.0e+00   0.0e+00   0.0e+00   0.0e+00   0.0e+00
 0.0e+00   0.0e+00   0.0e+00
5200 1.0000
  1.7321573827e+01   -8.3681381192e-01    1.7569120037e-01
  1.8767144599e-04    4.1286614189e-03    5.9171154013e-05
 0  0  0  0  0  0  0  0  0  0  0  0  0
 0.0e+00   0.0e+00   0.0e+00   0.0e+00   0.0e+00
 0.0e+00   0.0e+00   0.0e+00   0.0e+00   0.0e+00
 0.0e+00   0.0e+00   0.0e+00
5300 1.0000
  4.3057033430e+00    5.4264003788e+00    7.0504044695e-02
 -5.1375499509e-03    4.0258727185e-03   -9.0532419018e-05
 0  0  0  0  0  0  0  0  0  0  0  0  0
 0.0e+00   0.0e+00   0.0e+00   0.0e+00   0.0e+00
 0.0e+00   0.0e+00   0.0e+00   0.0e+00   0.0e+00
 0.0e+00   0.0e+00   0.0e+00
5400 1.0000
 -2.9785856929e+00    1.0842314930e+01   -1.4130076127e-01
 -4.9241326643e-03   -1.3895001191e-03    1.0784444125e-05
 0  0  0  0  0  0  0  0  0  0  0  0  0
 0.0e+00   0.0e+00   0.0e+00   0.0e+00   0.0e+00
 0.0e+00   0.0e+00   0.0e+00   0.0e+00   0.0e+00
 0.0e+00   0.0e+00   0.0e+00
5500 1.0000
 -8.1293554200e+00   -4.2333110716e+00   -3.4048604290e-02
  2.6426686003e-03   -5.0300124685e-03    2.5056176861e-06
 0  0  0  0  0  0  0  0  0  0  0  0  0
 0.0e+00   0.0e+00   0.0e+00   0.0e+00   0.0e+00
 0.0e+00   0.0e+00   0.0e+00   0.0e+00   0.0e+00
 0.0e+00   0.0e+00   0.0e+00
5600 1.0000
 -7.8972541311e+00   -1.1059798538e+01    1.1231023807e-01
  3.7873740907e-03   -2.7304714532e-03   -6.3616941889e-05
 0  0  0  0  0  0  0  0  0  0  0  0  0
 0.0e+00   0.0e+00   0.0e+00   0.0e+00   0.0e+00
 0.0e+00   0.0e+00   0.0e+00   0.0e+00   0.0e+00
 0.0e+00   0.0e+00   0.0e+00
5700 1.0000
  2.9304405348e+01    2.1560590105e+01   -2.0456356118e-01
 -1.6686446347e-03    2.3104590947e-03   -1.4927254065e-05
 0  0  0  0  0  0  0  0  0  0  0  0  0
 0.0e+00   0.0e+00   0.0e+00   0.0e+00   0.0e+00
 0.0e+00   0.0e+00   0.0e+00   0.0e+00   0.0e+00
 0.0e+00   0.0e+00   0.0e+00
5800 1.0000
 -2.6813189935e+00    6.6541307733e+00   -3.5467460180e-02
 -5.9656913271e-03   -2.3977722825e-03   -8.5358119040e-05
 0  0  0  0  0  0  0  0  0  0  0  0  0
 0.0e+00   0.0e+00   0.0e+00   0.0e+00   0.0e+00
 0.0e+00   0.0e+00   0.0e+00   0.0e+00   0.0e+00
 0.0e+00   0.0e+00   0.0e+00
5900 1.0000
 -8.8978654420e+00   -2.6948968380e+01    8.7370635583e-02
  3.0643514646e-03   -1.0227261756e-03    3.2949791431e-05
 0  0  0  0  0  0  0  0  0  0  0  0  0
 0.0e+00   0.0e+00   0.0e+00   0.0e+00   0.0e+00
 0.0e+00   0.0e+00   0.0e+00   0.0e+00   0.0e+00
 0.0e+00   0.0e+00   0.0e+00
6000 1.0000
  2.5362957768e+01   -1.7641790634e+01   -3.5484201144e-01
  1.7592092337e-03    2.5464982370e-03    4.0448849090e-05
 0  0  0  0  0  0  0  0  0  0  0  0  0
 0.0e+00   0.0e+00   0.0e+00   0.0e+00   0.0e+00
 0.0e+00   0.0e+00   0.0e+00   0.0e+00   0.0e+00
 0.0e+00   0.0e+00   0.0e+00
6100 1.0000
  1.4922393668e+01   -1.3572920981e+01    1.7460268241e-01
  2.5766634212e-03    2.8340978474e-03    2.6317634126e-05
 0  0  0  0  0  0  0  0  0  0  0  0  0
 0.0e+00   0.0e+00   0.0e+00   0.0e+00   0.0e+00
 0.0e+00   0.0e+00   0.0e+00   0.0e+00   0.0e+00
 0.0e+00   0.0e+00   0.0e+00
6200 1.0000
 -6.1753906097e+00    3.2104167895e+00    2.6820733729e-02
 -2.9810054853e-03   -5.8215396754e-03   -9.3764257606e-05
 0  0  0  0  0  0  0  0  0  0  0  0  0
 0.0e+00   0.0e+00   0.0e+00   0.0e+00   0.0e+00
 0.0e+00   0.0e+00   0.0e+00   0.0e+00   0.0e+00
 0.0e+00   0.0e+00   0.0e+00
6300 1.0000
  4.8715617599e+00    1.1544124594e+00   -7.2473325966e-02
 -1.7710322745e-03    7.4699944069e-03    3.1153021758e-05
 0  0  0  0  0  0  0  0  0  0  0  0  0
 0.0e+00   0.0e+00   0.0e+00   0.0e+00   0.0e+00
 0.0e+00   0.0e+00   0.0e+00   0.0e+00   0.0e+00
 0.0e+00   0.0e+00   0.0e+00
6400 1.0000
  5.4703847755e+00   -1.7703690306e+01   -1.1327854949e-02
  3.8375826885e-03    1.1635969698e-03    6.7029605707e-05
 0  0  0  0  0  0  0  0  0  0  0  0  0
 0.0e+00   0.0e+00   0.0e+00   0.0e+00   0.0e+00
 0.0e+00   0.0e+00   0.0e+00   0.0e+00   0.0e+00
 0.0e+00   0.0e+00   0.0e+00
6500 1.0000
  2.0795333612e+01   -4.8468834089e+00   -1.4771701567e-01
  8.4534183555e-04    3.6248596332e-03    6.1011643166e-05
 0  0  0  0  0  0  0  0  0  0  0  0  0
 0.0e+00   0.0e+00   0.0e+00   0.0e+00   0.0e+00
 0.0e+00   0.0e+00   0.0e+00   0.0e+00   0.0e+00
 0.0e+00   0.0e+00   0.0e+00
6600 1.0000
 -2.4460564675e+01    2.3658832266e+01    1.3543406232e-01
 -2.0592360627e-03   -2.1117898791e-03    1.4893440496e-05
 0  0  0  0  0  0  0  0  0  0  0  0  0
 0.0e+00   0.0e+00   0.0e+00   0.0e+00   0.0e+00
 0.0e+00   0.0e+00   0.0e+00   0.0e+00   0.0e+00
 0.0e+00   0.0e+00   0.0e+00
6700 1.0000
  3.2925802961e+00   -2.3178755482e+00    7.1438410210e-02
  4.9699739677e-03    6.9934397346e-03   -2.9907988990e-05
 0  0  0  0  0  0  0  0  0  0  0  0  0
 0.0e+00   0.0e+00   0.0e+00   0.0e+00   0.0e+00
 0.0e+00   0.0e+00   0.0e+00   0.0e+00   0.0e+00
 0.0e+00   0.0e+00   0.0e+00
6800 1.0000
  1.0903802840e+00    1.2524530663e+01    1.3290705660e-01
 -4.8229349656e-03    3.8465461241e-04    2.8627499559e-05
 0  0  0  0  0  0  0  0  0  0  0  0  0
 0.0e+00   0.0e+00   0.0e+00   0.0e+00   0.0e+00
 0.0e+00   0.0e+00   0.0e+00   0.0e+00   0.0e+00
 0.0e+00   0.0e+00   0.0e+00
6900 1.0000
  3.0233943180e+00    4.4277321294e+00   -5.3475931210e-02
 -6.1499388231e-03    4.1795605932e-03    1.1431335886e-04
 0  0  0  0  0  0  0  0  0  0  0  0  0
 0.0e+00   0.0e+00   0.0e+00   0.0e+00   0.0e+00
 0.0e+00   0.0e+00   0.0e+00   0.0e+00   0.0e+00
 0.0e+00   0.0e+00   0.0e+00
7000 1.0000
 -1.1263061475e+01    5.7935484139e+00   -1.2807829591e-01
 -2.2411925529e-03   -4.2899348193e-03    5.6770758603e-05
 0  0  0  0  0  0  0  0  0  0  0  0  0
 0.0e+00   0.0e+00   0.0e+00   0.0e+00   0.0e+00
 0.0e+00   0.0e+00   0.0e+00   0.0e+00   0.0e+00
 0.0e+00   0.0e+00   0.0e+00
7100 1.0000
 -9.1856298542e+00   -5.4335925808e+00   -4.5914260240e-02
  2.6709886384e-03   -4.5111060183e-03    5.7005492265e-05
 0  0  0  0  0  0  0  0  0  0  0  0  0
 0.0e+00   0.0e+00   0.0e+00   0.0e+00   0.0e+00
 0.0e+00   0.0e+00   0.0e+00   0.0e+00   0.0e+00
 0.0e+00   0.0e+00   0.0e+00
7200 1.0000
 -4.1461134256e+00    4.2358817722e+00    6.3101074856e-03
 -5.0638774231e-03   -4.9053756747e-03    1.6270497110e-05
 0  0  0  0  0  0  0  0  0  0  0  0  0
 0.0e+00   0.0e+00   0.0e+00   0.0e+00   0.0e+00
 0.0e+00   0.0e+00   0.0e+00   0.0e+00   0.0e+00
 0.0e+00   0.0e+00   0.0e+00
7300 1.0000
  1.1052931263e+01    3.1170145866e+01   -2.4898819329e-01
 -2.8153837113e-03    1.0109896696e-03   -3.8198644220e-05
 0  0  0  0  0  0  0  0  0  0  0  0  0
 0.0e+00   0.0e+00   0.0e+00   0.0e+00   0.0e+00
 0.0e+00   0.0e+00   0.0e+00   0.0e+00   0.0e+00
 0.0e+00   0.0e+00   0.0e+00
7400 1.0000
 -1.3910042739e+01    1.9873830256e+01   -1.5799511276e-01
 -2.8554089695e-03   -2.0078987138e-03   -2.4890429561e-06
 0  0  0  0  0  0  0  0  0  0  0  0  0
 0.0e+00   0.0e+00   0.0e+00   0.0e+00   0.0e+00
 0.0e+00   0.0e+00   0.0e+00   0.0e+00   0.0e+00
 0.0e+00   0.0e+00   0.0e+00
7500 1.0000
 -1.9222462755e+01    1.6191284915e+01    4.4322119030e-02
 -2.2119003551e-03   -2.6190186572e-03   -2.9556420080e-05
 0  0  0  0  0  0  0  0  0  0  0  0  0
 0.0e+00   0.0e+00   0.0e+00   0.0e+00   0.0e+00
 0.0e+00   0.0e+00   0.0e+00   0.0e+00   0.0e+00
 0.0e+00   0.0e+00   0.0e+00
7600 1.0000
  2.5056443936e+00    1.1323042964e+01    1.4714038577e-01
 -4.9213574181e-03    1.0860963543e-03   -2.2663479210e-05
 0  0  0  0  0  0  0  0  0  0  0  0  0
 0.0e+00   0.0e+00   0.0e+00   0.0e+00   0.0e+00
 0.0e+00   0.0e+00   0.0e+00   0.0e+00   0.0e+00
 0.0e+00   0.0e+00   0.0e+00
7700 1.0000
 -2.8747343704e+00    1.4645565066e+01    2.6864565621e-01
 -4.3750440288e-03   -8.6159126239e-04    2.1465515363e-05
 0  0  0  0  0  0  0  0  0  0  0  0  0
 0.0e+00   0.0e+00   0.0e+00   0.0e+00   0.0e+00
 0.0e+00   0.0e+00   0.0e+00   0.0e+00   0.0e+00
 0.0e+00   0.0e+00   0.0e+00
7800 1.0000
 -2.1739179154e+01   -1.4630541540e+01    2.6346588779e-01
  1.8589769141e-03   -2.7805492725e-03   -1.2457255449e-05
 0  0  0  0  0  0  0  0  0  0  0  0  0
 0.0e+00   0.0e+00   0.0e+00   0.0e+00   0.0e+00
 0.0e+00   0.0e+00   0.0e+00   0.0e+00   0.0e+00
 0.0e+00   0.0e+00   0.0e+00
7900 1.0000
  1.5085796372e+01    9.5036559813e+00   -3.3382667918e-02
 -2.1476022236e-03    3.4561523330e-03   -5.4636098188e-05
 0  0  0  0  0  0  0  0  0  0  0  0  0
 0.0e+00   0.0e+00   0.0e+00   0.0e+00   0.0e+00
 0.0e+00   0.0e+00   0.0e+00   0.0e+00   0.0e+00
 0.0e+00   0.0e+00   0.0e+00
8000 1.0000
  3.7474663305e-01   -4.9730861808e+00    4.1969486167e-02
  7.6550432204e-03    5.5336379428e-04   -7.8928626878e-05
 0  0  0  0  0  0  0  0  0  0  0  0  0
 0.0e+00   0.0e+00   0.0e+00   0.0e+00   0.0e+00
 0.0e+00   0.0e+00   0.0e+00   0.0e+00   0.0e+00
 0.0e+00   0.0e+00   0.0e+00
8100 1.0000
 -2.7829397778e+01    1.7384757474e+01   -8.2755363584e-02
 -1.6029584437e-03   -2.5427970552e-03   -4.1176455522e-05
 0  0  0  0  0  0  0  0  0  0  0  0  0
 0.0e+00   0.0e+00   0.0e+00   0.0e+00   0.0e+00
 0.0e+00   0.0e+00   0.0e+00   0.0e+00   0.0e+00
 0.0e+00   0.0e+00   0.0e+00
8200 1.0000
 -6.1048318719e+00   -1.9572580399e+00   -1.0386182715e-01
  2.0922638414e-03   -6.4566693155e-03    1.6886436850e-05
 0  0  0  0  0  0  0  0  0  0  0  0  0
 0.0e+00   0.0e+00   0.0e+00   0.0e+00   0.0e+00
 0.0e+00   0.0e+00   0.0e+00   0.0e+00   0.0e+00
 0.0e+00   0.0e+00   0.0e+00
8300 1.0000
  1.5115468146e+01   -3.9751389717e+00   -1.2244017440e-01
  1.1017246234e-03    4.1962762312e-03   -7.8408333417e-05
 0  0  0  0  0  0  0  0  0  0  0  0  0
 0.0e+00   0.0e+00   0.0e+00   0.0e+00   0.0e+00
 0.0e+00   0.0e+00   0.0e+00   0.0e+00   0.0e+00
 0.0e+00   0.0e+00   0.0e+00
8400 1.0000
 -4.1950614874e+00    1.7782770289e+00    3.2375910369e-02
 -3.1497321860e-03   -7.4519438415e-03   -1.6135470502e-05
 0  0  0  0  0  0  0  0  0  0  0  0  0
 0.0e+00   0.0e+00   0.0e+00   0.0e+00   0.0e+00
 0.0e+00   0.0e+00   0.0e+00   0.0e+00   0.0e+00
 0.0e+00   0.0e+00   0.0e+00
8500 1.0000
 -1.7412546577e+01    4.2197900674e+00    1.5793887733e-01
 -9.4111181452e-04   -3.9670735557e-03   -7.0168739881e-05
 0  0  0  0  0  0  0  0  0  0  0  0  0
 0.0e+00   0.0e+00   0.0e+00   0.0e+00   0.0e+00
 0.0e+00   0.0e+00   0.0e+00   0.0e+00   0.0e+00
 0.0e+00   0.0e+00   0.0e+00
8600 1.0000
  5.1337768369e+00   -4.5339775361e+00   -2.1149808800e-03
  4.3531099458e-03    4.9292568194e-03    3.4857646445e-05
 0  0  0  0  0  0  0  0  0  0  0  0  0
 0.0e+00   0.0e+00   0.0e+00   0.0e+00   0.0e+00
 0.0e+00   0.0e+00   0.0e+00   0.0e+00   0.0e+00
 0.0e+00   0.0e+00   0.0e+00
8700 1.0000
 -3.6912832757e+01   -1.5796359926e+01   -9.4335263127e-02
  1.0495996192e-03   -2.4977211148e-03   -1.0899157327e-05
 0  0  0  0  0  0  0  0  0  0  0  0  0
 0.0e+00   0.0e+00   0.0e+00   0.0e+00   0.0e+00
 0.0e+00   0.0e+00   0.0e+00   0.0e+00   0.0e+00
 0.0e+00   0.0e+00   0.0e+00
8800 1.0000
  6.2876696046e+00    8.7591766772e+00   -1.1329859449e-01
 -4.2627884091e-03    3.0267063778e-03    7.8184926135e-05
 0  0  0  0  0  0  0  0  0  0  0  0  0
 0.0e+00   0.0e+00   0.0e+00   0.0e+00   0.0e+00
 0.0e+00   0.0e+00   0.0e+00   0.0e+00   0.0e+00
 0.0e+00   0.0e+00   0.0e+00
8900 1.0000
  5.0887754154e+00    7.1469773035e+00   -4.4322666234e-02
 -4.7283558310e-03    3.3663385883e-03    8.6791551241e-05
 0  0  0  0  0  0  0  0  0  0  0  0  0
 0.0e+00   0.0e+00   0.0e+00   0.0e+00   0.0e+00
 0.0e+00   0.0e+00   0.0e+00   0.0e+00   0.0e+00
 0.0e+00   0.0e+00   0.0e+00
9000 1.0000
  5.0022653496e+00    1.6339108447e+01   -1.7047805085e-01
 -3.9831080561e-03    1.2353395938e-03   -7.1094782054e-05
 0  0  0  0  0  0  0  0  0  0  0  0  0
 0.0e+00   0.0e+00   0.0e+00   0.0e+00   0.0e+00
 0.0e+00   0.0e+00   0.0e+00   0.0e+00   0.0e+00
 0.0e+00   0.0e+00   0.0e+00
9100 1.0000
 -1.7247801500e+00   -3.5134989924e+01    2.4602419712e-01
  2.9004029292e-03   -1.3983192163e-04   -1.7249146181e-05
 0  0  0  0  0  0  0  0  0  0  0  0  0
 0.0e+00   0.0e+00   0.0e+00   0.0e+00   0.0e+00
 0.0e+00   0.0e+00   0.0e+00   0.0e+00   0.0e+00
 0.0e+00   0.0e+00   0.0e+00
9200 1.0000
 -5.3425303936e+00   -4.0378132628e-01   -3.6216090061e-02
  5.7157144863e-04   -7.4146749108e-03   -1.2089281249e-04
 0  0  0  0  0  0  0  0  0  0  0  0  0
 0.0e+00   0.0e+00   0.0e+00   0.0e+00   0.0e+00
 0.0e+00   0.0e+00   0.0e+00   0.0e+00   0.0e+00
 0.0e+00   0.0e+00   0.0e+00
9300 1.0000
  1.3120456681e+01    8.2370149481e+00    6.0392902420e-02
 -2.3234631580e-03    3.6936132052e-03    4.8745155739e-05
 0  0  0  0  0  0  0  0  0  0  0  0  0
 0.0e+00   0.0e+00   0.0e+00   0.0e+00   0.0e+00
 0.0e+00   0.0e+00   0.0e+00   0.0e+00   0.0e+00
 0.0e+00   0.0e+00   0.0e+00
9400 1.0000
 -4.7282548385e+00    1.1180212713e+01   -1.1539420737e-01
 -4.5576759268e-03   -1.9146045218e-03    3.5299647848e-05
 0  0  0  0  0  0  0  0  0  0  0  0  0
 0.0e+00   0.0e+00   0.0e+00   0.0e+00   0.0e+00
 0.0e+00   0.0e+00   0.0e+00   0.0e+00   0.0e+00
 0.0e+00   0.0e+00   0.0e+00
9500 1.0000
 -5.5641457801e+00    1.5393959614e+00    1.7182541064e-02
 -1.8878226421e-03   -6.8872958568e-03   -1.2736813993e-04
 0  0  0  0  0  0  0  0  0  0  0  0  0
 0.0e+00   0.0e+00   0.0e+00   0.0e+00   0.0e+00
 0.0e+00   0.0e+00   0.0e+00   0.0e+00   0.0e+00
 0.0e+00   0.0e+00   0.0e+00
9600 1.0000
 -3.4689382568e-01    5.1578416512e+00    8.1386395694e-02
 -7.5465556817e-03   -5.0593807926e-04   -6.5031371281e-05
 0  0  0  0  0  0  0  0  0  0  0  0  0
 0.0e+00   0.0e+00   0.0e+00   0.0e+00   0.0e+00
 0.0e+00   0.0e+00   0.0e+00   0.0e+00   0.0e+00
 0.0e+00   0.0e+00   0.0e+00
9700 1.0000
  7.3302125968e+00    2.0926227647e+00   -8.4996258338e-02
 -1.6917170333e-03    5.9948491221e-03    1.8844338682e-06
 0  0  0  0  0  0  0  0  0  0  0  0  0
 0.0e+00   0.0e+00   0.0e+00   0.0e+00   0.0e+00
 0.0e+00   0.0e+00   0.0e+00   0.0e+00   0.0e+00
 0.0e+00   0.0e+00   0.0e+00
9800 1.0000
 -8.8621659330e+00   -1.5437583129e+01    4.9525222974e-02
  3.5273013394e-03   -2.0639047894e-03   -3.7729514607e-05
 0  0  0  0  0  0  0  0  0  0  0  0  0
 0.0e+00   0.0e+00   0.0e+00   0.0e+00   0.0e+00
 0.0e+00   0.0e+00   0.0e+00   0.0e+00   0.0e+00
 0.0e+00   0.0e+00   0.0e+00
9900 1.0000
  3.6099273109e+01   -5.8614312445e+00   -3.2464820520e-02
  4.5463117657e-04    2.8083384055e-03    2.2857278778e-05
 0  0  0  0  0  0  0  0  0  0  0  0  0
 0.0e+00   0.0e+00   0.0e+00   0.0e+00   0.0e+00
 0.0e+00   0.0e+00   0.0e+00   0.0e+00   0.0e+00
 0.0e+00   0.0e+00   0.0e+00
10000 1.0000
  1.3953828117e+01   -2.5106500464e+01    1.1645134699e-01
  2.7982705774e-03    1.5517160195e-03    1.2956944086e-05
 0  0  0  0  0  0  0  0  0  0  0  0  0
 0.0e+00   0.0e+00   0.0e+00   0.0e+00   0.0e+00
 0.0e+00   0.0e+00   0.0e+00   0.0e+00   0.0e+00
 0.0e+00   0.0e+00   0.0e+00
10100 1.0000
 -1.5227915714e+01    3.4856988917e+00   -7.1395312873e-02
 -9.9435939998e-04   -4.2456211221e-03   -7.5308874644e-05
 0  0  0  0  0  0  0  0  0  0  0  0  0
 0.0e+00   0.0e+00   0.0e+00   0.0e+00   0.0e+00
 0.0e+00   0.0e+00   0.0e+00   0.0e+00   0.0e+00
 0.0e+00   0.0e+00   0.0e+00
10200 1.0000
 -2.3634328165e+00    4.1890912195e+00   -7.4177636513e-02
 -6.8293652524e-03   -3.8569879389e-03   -2.0003288652e-05
 0  0  0  0  0  0  0  0  0  0  0  0  0
 0.0e+00   0.0e+00   0.0e+00   0.0e+00   0.0e+00
 0.0e+00   0.0e+00   0.0e+00   0.0e+00   0.0e+00
 0.0e+00   0.0e+00   0.0e+00
10300 1.0000
  8.4079554148e+00   -2.4486075665e+00    3.6466902490e-02
  1.6283837118e-03    5.5836587336e-03    6.6847470776e-05
 0  0  0  0  0  0  0  0  0  0  0  0  0
 0.0e+00   0.0e+00   0.0e+00   0.0e+00   0.0e+00
 0.0e+00   0.0e+00   0.0e+00   0.0e+00   0.0e+00
 0.0e+00   0.0e+00   0.0e+00
10400 1.0000
  5.5688324830e+00   -1.1462489492e+01   -6.9093303684e-03
  4.3348242780e-03    2.1102511964e-03    1.2292232201e-05
 0  0  0  0  0  0  0  0  0  0  0  0  0
 0.0e+00   0.0e+00   0.0e+00   0.0e+00   0.0e+00
 0.0e+00   0.0e+00   0.0e+00   0.0e+00   0.0e+00
 0.0e+00   0.0e+00   0.0e+00
10500 1.0000
 -8.1612296919e+00   -1.2963948597e+01    4.1767973671e-02
  3.6985937806e-03   -2.3560699569e-03    4.7313646540e-05
 0  0  0  0  0  0  0  0  0  0  0  0  0
 0.0e+00   0.0e+00   0.0e+00   0.0e+00   0.0e+00
 0.0e+00   0.0e+00   0.0e+00   0.0e+00   0.0e+00
 0.0e+00   0.0e+00   0.0e+00
10600 1.0000
  7.1873125990e-01   -6.6669580753e+00   -8.8305253232e-02
  6.5950682508e-03    7.0104058273e-04   -5.4550808604e-05
 0  0  0  0  0  0  0  0  0  0  0  0  0
 0.0e+00   0.0e+00   0.0e+00   0.0e+00   0.0e+00
 0.0e+00   0.0e+00   0.0e+00   0.0e+00   0.0e+00
 0.0e+00   0.0e+00   0.0e+00
10700 1.0000
 -1.6274910125e+01   -1.0964588166e+01    1.3909313607e-01
  2.1922409200e-03   -3.1948069706e-03   -1.6530159078e-05
 0  0  0  0  0  0  0  0  0  0  0  0  0
 0.0e+00   0.0e+00   0.0e+00   0.0e+00   0.0e+00
 0.0e+00   0.0e+00   0.0e+00   0.0e+00   0.0e+00
 0.0e+00   0.0e+00   0.0e+00
10800 1.0000
  5.7075585633e+00    3.4763821686e+00    1.0655173863e-01
 -3.4549242790e-03    5.6831059221e-03   -5.9440330329e-05
 0  0  0  0  0  0  0  0  0  0  0  0  0
 0.0e+00   0.0e+00   0.0e+00   0.0e+00   0.0e+00
 0.0e+00   0.0e+00   0.0e+00   0.0e+00   0.0e+00
 0.0e+00   0.0e+00   0.0e+00
10900 1.0000
 -3.9291366756e+01   -5.8090348776e+00   -1.7776306657e-01
  3.9966693919e-04   -2.6972153080e-03    3.2830849966e-05
 0  0  0  0  0  0  0  0  0  0  0  0  0
 0.0e+00   0.0e+00   0.0e+00   0.0e+00   0.0e+00
 0.0e+00   0.0e+00   0.0e+00   0.0e+00   0.0e+00
 0.0e+00   0.0e+00   0.0e+00
11000 1.0000
 -1.5521564268e+01    2.2921992898e+01   -1.3786439157e-01
 -2.7235220548e-03   -1.8121806648e-03   -5.6601668381e-05
 0  0  0  0  0  0  0  0  0  0  0  0  0
 0.0e+00   0.0e+00   0.0e+00   0.0e+00   0.0e+00
 0.0e+00   0.0e+00   0.0e+00   0.0e+00   0.0e+00
 0.0e+00   0.0e+00   0.0e+00
11100 1.0000
 -7.8742245365e+00   -2.4111805161e+01    2.3972095127e-01
  3.2485377899e-03   -1.0667918037e-03    3.9410025427e-05
 0  0  0  0  0  0  0  0  0  0  0  0  0
 0.0e+00   0.0e+00   0.0e+00   0.0e+00   0.0e+00
 0.0e+00   0.0e+00   0.0e+00   0.0e+00   0.0e+00
 0.0e+00   0.0e+00   0.0e+00
11200 1.0000
 -8.8394863368e+00    4.1088662626e+00   -1.9450272524e-02
 -2.3274248548e-03   -5.0167311335e-03   -5.0677296060e-05
 0  0  0  0  0  0  0  0  0  0  0  0  0
 0.0e+00   0.0e+00   0.0e+00   0.0e+00   0.0e+00
 0.0e+00   0.0e+00   0.0e+00   0.0e+00   0.0e+00
 0.0e+00   0.0e+00   0.0e+00
11300 1.0000
 -1.8064570352e+00    3.5861008444e+00    2.6836303082e-02
 -7.6666148131e-03   -3.8846442178e-03    1.3706821566e-04
 0  0  0  0  0  0  0  0  0  0  0  0  0
 0.0e+00   0.0e+00   0.0e+00   0.0e+00   0.0e+00
 0.0e+00   0.0e+00   0.0e+00   0.0e+00   0.0e+00
 0.0e+00   0.0e+00   0.0e+00
11400 1.0000
  3.1619805130e+00    5.0611061551e+00   -1.0591152530e-01
 -5.9783236257e-03    3.7278253472e-03    2.3127183995e-05
 0  0  0  0  0  0  0  0  0  0  0  0  0
 0.0e+00   0.0e+00   0.0e+00   0.0e+00   0.0e+00
 0.0e+00   0.0e+00   0.0e+00   0.0e+00   0.0e+00
 0.0e+00   0.0e+00   0.0e+00
11500 1.0000
  1.8619615449e+00    8.0208191459e+00   -1.3480229254e-01
 -5.8356259360e-03    1.3655287975e-03   -1.1697686655e-05
 0  0  0  0  0  0  0  0  0  0  0  0  0
 0.0e+00   0.0e+00   0.0e+00   0.0e+00   0.0e+00
 0.0e+00   0.0e+00   0.0e+00   0.0e+00   0.0e+00
 0.0e+00   0.0e+00   0.0e+00
11600 1.0000
  7.9413160235e+00    2.3160554294e+01   -3.2219866878e-01
 -3.2840235140e-03    1.1231102396e-03   -3.4421847392e-05
 0  0  0  0  0  0  0  0  0  0  0  0  0
 0.0e+00   0.0e+00   0.0e+00   0.0e+00   0.0e+00
 0.0e+00   0.0e+00   0.0e+00   0.0e+00   0.0e+00
 0.0e+00   0.0e+00   0.0e+00
11700 1.0000
  3.9078566709e+01    1.1690403736e+00   -6.7951955988e-01
 -8.7476528188e-05    2.7466400570e-03    5.2359328736e-06
 0  0  0  0  0  0  0  0  0  0  0  0  0
 0.0e+00   0.0e+00   0.0e+00   0.0e+00   0.0e+00
 0.0e+00   0.0e+00   0.0e+00   0.0e+00   0.0e+00
 0.0e+00   0.0e+00   0.0e+00
11800 1.0000
  1.1535407080e+01    7.1579776100e+00   -7.2593544739e-02
 -2.4585617083e-03    3.9615268726e-03   -4.1887264084e-05
 0  0  0  0  0  0  0  0  0  0  0  0  0
 0.0e+00   0.0e+00   0.0e+00   0.0e+00   0.0e+00
 0.0e+00   0.0e+00   0.0e+00   0.0e+00   0.0e+00
 0.0e+00   0.0e+00   0.0e+00
11900 1.0000
 -3.2180500356e+01    1.7162642378e+01    9.2483727930e-02
 -1.3519103699e-03   -2.5010889857e-03   -1.6925787805e-06
 0  0  0  0  0  0  0  0  0  0  0  0  0
 0.0e+00   0.0e+00   0.0e+00   0.0e+00   0.0e+00
 0.0e+00   0.0e+00   0.0e+00   0.0e+00   0.0e+00
 0.0e+00   0.0e+00   0.0e+00
12000 1.0000
 -3.5482901312e+00    7.4995188729e+00    4.2223242707e-02
 -5.4038539744e-03   -2.5580332626e-03   -8.0899086260e-05
 0  0  0  0  0  0  0  0  0  0  0  0  0
 0.0e+00   0.0e+00   0.0e+00   0.0e+00   0.0e+00
 0.0e+00   0.0e+00   0.0e+00   0.0e+00   0.0e+00
 0.0e+00   0.0e+00   0.0e+00
12100 1.0000
  2.3991805713e+00   -3.1711784235e+01   -5.0305908157e-02
  3.0438940564e-03    2.4520147380e-04   -3.6434451110e-05
 0  0  0  0  0  0  0  0  0  0  0  0  0
 0.0e+00   0.0e+00   0.0e+00   0.0e+00   0.0e+00
 0.0e+00   0.0e+00   0.0e+00   0.0e+00   0.0e+00
 0.0e+00   0.0e+00   0.0e+00
12200 1.0000
  1.4444554059e+00    1.3994992583e+01    1.6505542622e-01
 -4.5614525221e-03    4.7049475808e-04    3.4028281923e-06
 0  0  0  0  0  0  0  0  0  0  0  0  0
 0.0e+00   0.0e+00   0.0e+00   0.0e+00   0.0e+00
 0.0e+00   0.0e+00   0.0e+00   0.0e+00   0.0e+00
 0.0e+00   0.0e+00   0.0e+00
12300 1.0000
 -3.1190324413e+01   -1.0895901346e+01    3.8552947213e-01
  1.0049382141e-03   -2.8128858330e-03    3.6600076742e-06
 0  0  0  0  0  0  0  0  0  0  0  0  0
 0.0e+00   0.0e+00   0.0e+00   0.0e+00   0.0e+00
 0.0e+00   0.0e+00   0.0e+00   0.0e+00   0.0e+00
 0.0e+00   0.0e+00   0.0e+00
12400 1.0000
  7.1074747919e-01    4.1348019891e+00    1.2007964585e-02
 -8.2948113158e-03    1.4399664042e-03   -6.4053916394e-05
 0  0  0  0  0  0  0  0  0  0  0  0  0
 0.0e+00   0.0e+00   0.0e+00   0.0e+00   0.0e+00
 0.0e+00   0.0e+00   0.0e+00   0.0e+00   0.0e+00
 0.0e+00   0.0e+00   0.0e+00
12500 1.0000
  5.8167858772e+00    2.9973188181e+01    1.5690148187e-01
 -3.0646996830e-03    5.8829660529e-04    3.5331569480e-05
 0  0  0  0  0  0  0  0  0  0  0  0  0
 0.0e+00   0.0e+00   0.0e+00   0.0e+00   0.0e+00
 0.0e+00   0.0e+00   0.0e+00   0.0e+00   0.0e+00
 0.0e+00   0.0e+00   0.0e+00
12600 1.0000
  2.7208915758e+01   -7.3646990894e+00   -4.4383708980e-01
  8.4681287436e-04    3.1162621429e-03   -1.8681033181e-05
 0  0  0  0  0  0  0  0  0  0  0  0  0
 0.0e+00   0.0e+00   0.0e+00   0.0e+00   0.0e+00
 0.0e+00   0.0e+00   0.0e+00   0.0e+00   0.0e+00
 0.0e+00   0.0e+00   0.0e+00
12700 1.0000
  4.8941860918e+00   -5.5269340225e+00   -7.0525393647e-02
  4.7369096387e-03    4.1803273649e-03    6.0534618298e-05
 0  0  0  0  0  0  0  0  0  0  0  0  0
 0.0e+00   0.0e+00   0.0e+00   0.0e+00   0.0e+00
 0.0e+00   0.0e+00   0.0e+00   0.0e+00   0.0e+00
 0.0e+00   0.0e+00   0.0e+00
12800 1.0000
 -1.0061124815e+01   -7.9762753224e+00    1.0800492997e-01
  2.9595827015e-03   -3.7862025446e-03    5.7866479458e-05
 0  0  0  0  0  0  0  0  0  0  0  0  0
 0.0e+00   0.0e+00   0.0e+00   0.0e+00   0.0e+00
 0.0e+00   0.0e+00   0.0e+00   0.0e+00   0.0e+00
 0.0e+00   0.0e+00   0.0e+00
12900 1.0000
  2.7083465602e+01   -7.8670406896e+00    3.1518436945e-01
  8.8663869196e-04    3.1092828632e-03   -4.3232119136e-05
 0  0  0  0  0  0  0  0  0  0  0  0  0
 0.0e+00   0.0e+00   0.0e+00   0.0e+00   0.0e+00
 0.0e+00   0.0e+00   0.0e+00   0.0e+00   0.0e+00
 0.0e+00   0.0e+00   0.0e+00
13000 1.0000
  1.9025858867e+01   -1.9738809957e+01   -1.9442966509e-01
  2.3632704349e-03    2.2786724852e-03    4.8961677377e-05
 0  0  0  0  0  0  0  0  0  0  0  0  0
 0.0e+00   0.0e+00   0.0e+00   0.0e+00   0.0e+00
 0.0e+00   0.0e+00   0.0e+00   0.0e+00   0.0e+00
 0.0e+00   0.0e+00   0.0e+00
13100 1.0000
 -2.1337047792e+01   -2.9770946840e+00   -2.3590335420e-01
  5.2336094923e-04   -3.6600323050e-03   -1.4291796338e-05
 0  0  0  0  0  0  0  0  0  0  0  0  0
 0.0e+00   0.0e+00   0.0e+00   0.0e+00   0.0e+00
 0.0e+00   0.0e+00   0.0e+00   0.0e+00   0.0e+00
 0.0e+00   0.0e+00   0.0e+00
13200 1.0000
  7.5873886315e+00    5.3064094570e+00   -3.3416066431e-03
 -3.2501812356e-03    4.6277921771e-03   -8.2613974270e-05
 0  0  0  0  0  0  0  0  0  0  0  0  0
 0.0e+00   0.0e+00   0.0e+00   0.0e+00   0.0e+00
 0.0e+00   0.0e+00   0.0e+00   0.0e+00   0.0e+00
 0.0e+00   0.0e+00   0.0e+00
13300 1.0000
  8.7477407520e+00    3.2538340232e+00   -5.0923155924e-02
 -1.9736044043e-03    5.2835225173e-03   -4.5032501635e-05
 0  0  0  0  0  0  0  0  0  0  0  0  0
 0.0e+00   0.0e+00   0.0e+00   0.0e+00   0.0e+00
 0.0e+00   0.0e+00   0.0e+00   0.0e+00   0.0e+00
 0.0e+00   0.0e+00   0.0e+00
13400 1.0000
 -1.4646171349e+01   -2.3461082743e+01   -1.2823995793e-01
  2.7624500581e-03   -1.7425827280e-03    1.1261132778e-05
 0  0  0  0  0  0  0  0  0  0  0  0  0
 0.0e+00   0.0e+00   0.0e+00   0.0e+00   0.0e+00
 0.0e+00   0.0e+00   0.0e+00   0.0e+00   0.0e+00
 0.0e+00   0.0e+00   0.0e+00
13500 1.0000
  1.3518032797e+01    1.6724998451e+01    1.6937364100e-01
 -2.8818440141e-03    2.3290005455e-03    1.7553574629e-05
 0  0  0  0  0  0  0  0  0  0  0  0  0
 0.0e+00   0.0e+00   0.0e+00   0.0e+00   0.0e+00
 0.0e+00   0.0e+00   0.0e+00   0.0e+00   0.0e+00
 0.0e+00   0.0e+00   0.0e+00
13600 1.0000
 -1.8474010237e+00   -3.7255391738e+00    7.4626039741e-02
  7.5471994241e-03   -3.7456270090e-03   -1.0863616674e-05
 0  0  0  0  0  0  0  0  0  0  0  0  0
 0.0e+00   0.0e+00   0.0e+00   0.0e+00   0.0e+00
 0.0e+00   0.0e+00   0.0e+00   0.0e+00   0.0e+00
 0.0e+00   0.0e+00   0.0e+00
13700 1.0000
 -2.0507844272e+00   -1.1712317490e+01   -1.7695065374e-01
  4.9198358967e-03   -8.2768641909e-04   -7.1478124612e-08
 0  0  0  0  0  0  0  0  0  0  0  0  0
 0.0e+00   0.0e+00   0.0e+00   0.0e+00   0.0e+00
 0.0e+00   0.0e+00   0.0e+00   0.0e+00   0.0e+00
 0.0e+00   0.0e+00   0.0e+00
13800 1.0000
 -1.3118535235e+01    2.7945380552e+01   -2.8234396681e-01
 -2.7953930656e-03   -1.3312691741e-03   -4.1389590196e-05
 0  0  0  0  0  0  0  0  0  0  0  0  0
 0.0e+00   0.0e+00   0.0e+00   0.0e+00   0.0e+00
 0.0e+00   0.0e+00   0.0e+00   0.0e+00   0.0e+00
 0.0e+00   0.0e+00   0.0e+00
13900 1.0000
  3.3060623738e+01   -2.6238749269e+00    4.7170183417e-01
  2.2375924196e-04    2.9757528864e-03   -1.6406323979e-05
 0  0  0  0  0  0  0  0  0  0  0  0  0
 0.0e+00   0.0e+00   0.0e+00   0.0e+00   0.0e+00
 0.0e+00   0.0e+00   0.0e+00   0.0e+00   0.0e+00
 0.0e+00   0.0e+00   0.0e+00
14000 1.0000
 -7.3718331464e+00    1.0038981889e+01    1.1263484153e-01
 -3.9154883831e-03   -2.8782737807e-03    2.7209246758e-05
 0  0  0  0  0  0  0  0  0  0  0  0  0
 0.0e+00   0.0e+00   0.0e+00   0.0e+00   0.0e+00
 0.0e+00   0.0e+00   0.0e+00   0.0e+00   0.0e+00
 0.0e+00   0.0e+00   0.0e+00
14100 1.0000
 -1.3054044828e+00   -4.7845678619e+00    7.9558753018e-02
  7.4284143287e-03   -2.0151742794e-03   -9.2909202576e-06
 0  0  0  0  0  0  0  0  0  0  0  0  0
 0.0e+00   0.0e+00   0.0e+00   0.0e+00   0.0e+00
 0.0e+00   0.0e+00   0.0e+00   0.0e+00   0.0e+00
 0.0e+00   0.0e+00   0.0e+00
14200 1.0000
  9.9613973399e+00    4.0717956981e+00    8.0627365058e-02
 -1.9955590548e-03    4.8270494682e-03   -6.2652478643e-05
 0  0  0  0  0  0  0  0  0  0  0  0  0
 0.0e+00   0.0e+00   0.0e+00   0.0e+00   0.0e+00
 0.0e+00   0.0e+00   0.0e+00   0.0e+00   0.0e+00
 0.0e+00   0.0e+00   0.0e+00
14300 1.0000
 -2.5144976035e+01    8.4260655547e+00   -5.4919451780e-02
 -1.0656455389e-03   -3.1638825153e-03   -1.0844425848e-05
 0  0  0  0  0  0  0  0  0  0  0  0  0
 0.0e+00   0.0e+00   0.0e+00   0.0e+00   0.0e+00
 0.0e+00   0.0e+00   0.0e+00   0.0e+00   0.0e+00
 0.0e+00   0.0e+00   0.0e+00
14400 1.0000
 -2.7302938803e+01   -1.9098469022e-01   -2.4040437018e-01
  2.8328555004e-05   -3.2833369197e-03   -2.6789309471e-05
 0  0  0  0  0  0  0  0  0  0  0  0  0
 0.0e+00   0.0e+00   0.0e+00   0.0e+00   0.0e+00
 0.0e+00   0.0e+00   0.0e+00   0.0e+00   0.0e+00
 0.0e+00   0.0e+00   0.0e+00
14500 1.0000
 -5.5809953673e+00    2.6963160079e+01    3.1847907601e-01
 -3.2131325081e-03   -6.6434783249e-04    3.3010191103e-05
 0  0  0  0  0  0  0  0  0  0  0  0  0
 0.0e+00   0.0e+00   0.0e+00   0.0e+00   0.0e+00
 0.0e+00   0.0e+00   0.0e+00   0.0e+00   0.0e+00
 0.0e+00   0.0e+00   0.0e+00
14600 1.0000
 -1.0036220273e+01   -2.9052105246e+01    2.7405814730e-01
  2.9361394492e-03   -1.0127336393e-03    2.5270169718e-05
 0  0  0  0  0  0  0  0  0  0  0  0  0
 0.0e+00   0.0e+00   0.0e+00   0.0e+00   0.0e+00
 0.0e+00   0.0e+00   0.0e+00   0.0e+00   0.0e+00
 0.0e+00   0.0e+00   0.0e+00
14700 1.0000
  2.0085930083e+01   -2.1336224156e+01   -4.4429399309e-01
  2.2923196083e-03    2.1948365308e-03    3.7454144511e-05
 0  0  0  0  0  0  0  0  0  0  0  0  0
 0.0e+00   0.0e+00   0.0e+00   0.0e+00   0.0e+00
 0.0e+00   0.0e+00   0.0e+00   0.0e+00   0.0e+00
 0.0e+00   0.0e+00   0.0e+00
14800 1.0000
  1.4298589733e+01   -2.0094724347e+01   -3.7384202786e-01
  2.8176200150e-03    2.0065316049e-03   -4.5036298457e-05
 0  0  0  0  0  0  0  0  0  0  0  0  0
 0.0e+00   0.0e+00   0.0e+00   0.0e+00   0.0e+00
 0.0e+00   0.0e+00   0.0e+00   0.0e+00   0.0e+00
 0.0e+00   0.0e+00   0.0e+00
14900 1.0000
 -1.3984079330e+00   -2.4956690834e+01   -2.6243131122e-02
  3.4495012153e-03   -1.7409956168e-04   -3.5359980904e-05
 0  0  0  0  0  0  0  0  0  0  0  0  0
 0.0e+00   0.0e+00   0.0e+00   0.0e+00   0.0e+00
 0.0e+00   0.0e+00   0.0e+00   0.0e+00   0.0e+00
 0.0e+00   0.0e+00   0.0e+00
15000 1.0000
 -5.7759440850e-01    5.0440796283e+00   -5.1160703554e-02
 -7.5801124829e-03   -8.4273665394e-04   -5.5155865232e-05
 0  0  0  0  0  0  0  0  0  0  0  0  0
 0.0e+00   0.0e+00   0.0e+00   0.0e+00   0.0e+00
 0.0e+00   0.0e+00   0.0e+00   0.0e+00   0.0e+00
 0.0e+00   0.0e+00   0.0e+00
15100 1.0000
 -1.5956025014e+01   -1.7483323611e+01   -3.3584782170e-01
  2.6022737407e-03   -2.4046934755e-03   -2.9007208861e-05
 0  0  0  0  0  0  0  0  0  0  0  0  0
 0.0e+00   0.0e+00   0.0e+00   0.0e+00   0.0e+00
 0.0e+00   0.0e+00   0.0e+00   0.0e+00   0.0e+00
 0.0e+00   0.0e+00   0.0e+00
15200 1.0000
  3.4699887251e+01    1.6275225185e+01   -3.4497291404e-01
 -1.1818272805e-03    2.5288571435e-03    2.3055753267e-06
 0  0  0  0  0  0  0  0  0  0  0  0  0
 0.0e+00   0.0e+00   0.0e+00   0.0e+00   0.0e+00
 0.0e+00   0.0e+00   0.0e+00   0.0e+00   0.0e+00
 0.0e+00   0.0e+00   0.0e+00
15300 1.0000
  2.1579575239e+01    1.3752098635e+01   -3.5707359201e-01
 -1.8273037603e-03    2.8720532512e-03    2.6872639071e-05
 0  0  0  0  0  0  0  0  0  0  0  0  0
 0.0e+00   0.0e+00   0.0e+00   0.0e+00   0.0e+00
 0.0e+00   0.0e+00   0.0e+00   0.0e+00   0.0e+00
 0.0e+00   0.0e+00   0.0e+00
15400 1.0000
 -2.3549606160e+01    3.0434894030e+01   -1.3757523261e-01
 -2.2068597232e-03   -1.6827989300e-03    1.0596060480e-05
 0  0  0  0  0  0  0  0  0  0  0  0  0
 0.0e+00   0.0e+00   0.0e+00   0.0e+00   0.0e+00
 0.0e+00   0.0e+00   0.0e+00   0.0e+00   0.0e+00
 0.0e+00   0.0e+00   0.0e+00
15500 1.0000
  9.0598406270e+00   -1.1214062422e+01    9.4588461848e-02
  3.5321502734e-03    2.8485809085e-03   -7.2444090456e-05
 0  0  0  0  0  0  0  0  0  0  0  0  0
 0.0e+00   0.0e+00   0.0e+00   0.0e+00   0.0e+00
 0.0e+00   0.0e+00   0.0e+00   0.0e+00   0.0e+00
 0.0e+00   0.0e+00   0.0e+00
15600 1.0000
 -6.1566950365e+00   -3.6760111826e+00   -5.6695489695e-02
  3.2974145236e-03   -5.5141311264e-03    7.7810432137e-05
 0  0  0  0  0  0  0  0  0  0  0  0  0
 0.0e+00   0.0e+00   0.0e+00   0.0e+00   0.0e+00
 0.0e+00   0.0e+00   0.0e+00   0.0e+00   0.0e+00
 0.0e+00   0.0e+00   0.0e+00
15700 1.0000
  6.5242236260e+00    5.9551446647e+00    1.0758197415e-01
 -3.8598318524e-03    4.2876204183e-03    2.6918097962e-05
 0  0  0  0  0  0  0  0  0  0  0  0  0
 0.0e+00   0.0e+00   0.0e+00   0.0e+00   0.0e+00
 0.0e+00   0.0e+00   0.0e+00   0.0e+00   0.0e+00
 0.0e+00   0.0e+00   0.0e+00
15800 1.0000
  1.6045066677e+01   -6.0203644637e+00   -7.9730581407e-02
  1.4468599018e-03    3.9094713955e-03    5.5816417651e-06
 0  0  0  0  0  0  0  0  0  0  0  0  0
 0.0e+00   0.0e+00   0.0e+00   0.0e+00   0.0e+00
 0.0e+00   0.0e+00   0.0e+00   0.0e+00   0.0e+00
 0.0e+00   0.0e+00   0.0e+00
15900 1.0000
  3.2571658589e+01   -2.0730449175e+01    3.2985610541e-01
  1.4884496387e-03    2.3364959273e-03   -4.5320020486e-05
 0  0  0  0  0  0  0  0  0  0  0  0  0
 0.0e+00   0.0e+00   0.0e+00   0.0e+00   0.0e+00
 0.0e+00   0.0e+00   0.0e+00   0.0e+00   0.0e+00
 0.0e+00   0.0e+00   0.0e+00
16000 1.0000
  1.1610120112e+01   -5.8662974821e+00   -6.1624310397e-02
  2.1510885065e-03    4.2569239102e-03    1.9206713725e-06
 0  0  0  0  0  0  0  0  0  0  0  0  0
 0.0e+00   0.0e+00   0.0e+00   0.0e+00   0.0e+00
 0.0e+00   0.0e+00   0.0e+00   0.0e+00   0.0e+00
 0.0e+00   0.0e+00   0.0e+00
16100 1.0000
 -6.6682619479e+00    9.5742218376e+00    1.9468359992e-01
 -4.1132398595e-03   -2.8696839642e-03    4.8083614858e-05
 0  0  0  0  0  0  0  0  0  0  0  0  0
 0.0e+00   0.0e+00   0.0e+00   0.0e+00   0.0e+00
 0.0e+00   0.0e+00   0.0e+00   0.0e+00   0.0e+00
 0.0e+00   0.0e+00   0.0e+00
16200 1.0000
  2.0987515582e+00    1.9249507542e+01   -2.2947586563e-01
 -3.8766767620e-03    4.4378386546e-04   -4.5330743278e-05
 0  0  0  0  0  0  0  0  0  0  0  0  0
 0.0e+00   0.0e+00   0.0e+00   0.0e+00   0.0e+00
 0.0e+00   0.0e+00   0.0e+00   0.0e+00   0.0e+00
 0.0e+00   0.0e+00   0.0e+00
16300 1.0000
  2.2833932388e+01   -2.8970775798e+01    4.7324601864e-01
  2.2381910162e-03    1.7540642309e-03    2.2574483538e-05
 0  0  0  0  0  0  0  0  0  0  0  0  0
 0.0e+00   0.0e+00   0.0e+00   0.0e+00   0.0e+00
 0.0e+00   0.0e+00   0.0e+00   0.0e+00   0.0e+00
 0.0e+00   0.0e+00   0.0e+00
16400 1.0000
 -1.4211349309e+01    2.9695062791e+01   -5.2060339647e-01
 -2.7018582619e-03   -1.2910835345e-03    3.4311329172e-05
 0  0  0  0  0  0  0  0  0  0  0  0  0
 0.0e+00   0.0e+00   0.0e+00   0.0e+00   0.0e+00
 0.0e+00   0.0e+00   0.0e+00   0.0e+00   0.0e+00
 0.0e+00   0.0e+00   0.0e+00
16500 1.0000
 -1.4806417383e+01    1.3547038085e+01    2.1393009567e-01
 -2.5834056001e-03   -2.8426705705e-03    3.0757361771e-05
 0  0  0  0  0  0  0  0  0  0  0  0  0
 0.0e+00   0.0e+00   0.0e+00   0.0e+00   0.0e+00
 0.0e+00   0.0e+00   0.0e+00   0.0e+00   0.0e+00
 0.0e+00   0.0e+00   0.0e+00
16600 1.0000
 -7.3913815955e-01   -5.4916331705e+00   -5.6580723156e-03
  7.2423315781e-03   -9.7651903289e-04   -1.2968618364e-06
 0  0  0  0  0  0  0  0  0  0  0  0  0
 0.0e+00   0.0e+00   0.0e+00   0.0e+00   0.0e+00
 0.0e+00   0.0e+00   0.0e+00   0.0e+00   0.0e+00
 0.0e+00   0.0e+00   0.0e+00
16700 1.0000
 -2.5769182916e+01    2.1587195521e+01    8.1105063211e-02
 -1.9119050985e-03   -2.2623016782e-03    1.3153122039e-05
 0  0  0  0  0  0  0  0  0  0  0  0  0
 0.0e+00   0.0e+00   0.0e+00   0.0e+00   0.0e+00
 0.0e+00   0.0e+00   0.0e+00   0.0e+00   0.0e+00
 0.0e+00   0.0e+00   0.0e+00
16800 1.0000
 -3.4027419308e+01    8.2082782001e+00   -3.4453717579e-01
 -6.7927707834e-04   -2.8281229966e-03   -8.3749171130e-06
 0  0  0  0  0  0  0  0  0  0  0  0  0
 0.0e+00   0.0e+00   0.0e+00   0.0e+00   0.0e+00
 0.0e+00   0.0e+00   0.0e+00   0.0e+00   0.0e+00
 0.0e+00   0.0e+00   0.0e+00
16900 1.0000
 -1.2874971298e+01    2.8649390522e+01    2.9549142221e-01
 -2.8015052921e-03   -1.2448950908e-03    5.0940839990e-05
 0  0  0  0  0  0  0  0  0  0  0  0  0
 0.0e+00   0.0e+00   0.0e+00   0.0e+00   0.0e+00
 0.0e+00   0.0e+00   0.0e+00   0.0e+00   0.0e+00
 0.0e+00   0.0e+00   0.0e+00
17000 1.0000
  3.5874183114e+00   -1.2573072210e+01    2.1360711088e-01
  4.5594618532e-03    1.2999934703e-03   -5.2556237938e-05
 0  0  0  0  0  0  0  0  0  0  0  0  0
 0.0e+00   0.0e+00   0.0e+00   0.0e+00   0.0e+00
 0.0e+00   0.0e+00   0.0e+00   0.0e+00   0.0e+00
 0.0e+00   0.0e+00   0.0e+00
17100 1.0000
 -6.8593959416e+00    1.2293231055e+01   -4.1159530769e-02
 -3.9820791871e-03   -2.2541361391e-03   -3.2578670794e-05
 0  0  0  0  0  0  0  0  0  0  0  0  0
 0.0e+00   0.0e+00   0.0e+00   0.0e+00   0.0e+00
 0.0e+00   0.0e+00   0.0e+00   0.0e+00   0.0e+00
 0.0e+00   0.0e+00   0.0e+00
17200 1.0000
 -1.3548712617e+00    5.0771817688e+00   -7.9379281417e-02
 -7.2494938412e-03   -1.9300577810e-03   -5.0665035615e-05
 0  0  0  0  0  0  0  0  0  0  0  0  0
 0.0e+00   0.0e+00   0.0e+00   0.0e+00   0.0e+00
 0.0e+00   0.0e+00   0.0e+00   0.0e+00   0.0e+00
 0.0e+00   0.0e+00   0.0e+00
17300 1.0000
 -6.6668293884e+00    5.4160345121e+00   -4.4269914561e-02
 -3.7016624365e-03   -4.5636705871e-03    3.1066713212e-05
 0  0  0  0  0  0  0  0  0  0  0  0  0
 0.0e+00   0.0e+00   0.0e+00   0.0e+00   0.0e+00
 0.0e+00   0.0e+00   0.0e+00   0.0e+00   0.0e+00
 0.0e+00   0.0e+00   0.0e+00
17400 1.0000
  7.0578310331e+00   -3.5941417349e+01   -2.2271548877e-01
  2.7882003680e-03    5.3187884577e-04    5.2039477047e-05
 0  0  0  0  0  0  0  0  0  0  0  0  0
 0.0e+00   0.0e+00   0.0e+00   0.0e+00   0.0e+00
 0.0e+00   0.0e+00   0.0e+00   0.0e+00   0.0e+00
 0.0e+00   0.0e+00   0.0e+00
17500 1.0000
 -1.3735884224e+01   -3.5949796925e+00   -3.6351844073e-02
  1.1757889254e-03   -4.4325544551e-03    4.5785315253e-05
 0  0  0  0  0  0  0  0  0  0  0  0  0
 0.0e+00   0.0e+00   0.0e+00   0.0e+00   0.0e+00
 0.0e+00   0.0e+00   0.0e+00   0.0e+00   0.0e+00
 0.0e+00   0.0e+00   0.0e+00
17600 1.0000
  7.2649638007e-01   -7.7221044370e+00    2.7109273578e-02
  6.1507632628e-03    5.6317229354e-04   -4.9264125995e-05
 0  0  0  0  0  0  0  0  0  0  0  0  0
 0.0e+00   0.0e+00   0.0e+00   0.0e+00   0.0e+00
 0.0e+00   0.0e+00   0.0e+00   0.0e+00   0.0e+00
 0.0e+00   0.0e+00   0.0e+00
17700 1.0000
 -3.0817245849e+01    1.7898079945e+01    4.8620076661e-01
 -1.4472116534e-03   -2.4955296532e-03   -2.1574101204e-05
 0  0  0  0  0  0  0  0  0  0  0  0  0
 0.0e+00   0.0e+00   0.0e+00   0.0e+00   0.0e+00
 0.0e+00   0.0e+00   0.0e+00   0.0e+00   0.0e+00
 0.0e+00   0.0e+00   0.0e+00
17800 1.0000
 -1.5056466078e+00   -6.3545022077e+00    7.7119773144e-02
  6.5531170268e-03   -1.5786530506e-03   -5.7942424475e-05
 0  0  0  0  0  0  0  0  0  0  0  0  0
 0.0e+00   0.0e+00   0.0e+00   0.0e+00   0.0e+00
 0.0e+00   0.0e+00   0.0e+00   0.0e+00   0.0e+00
 0.0e+00   0.0e+00   0.0e+00
17900 1.0000
  2.8474289238e+01   -1.8553665884e+01    1.6438009490e-01
  1.6094043070e-03    2.4611115033e-03    3.0602158731e-05
 0  0  0  0  0  0  0  0  0  0  0  0  0
 0.0e+00   0.0e+00   0.0e+00   0.0e+00   0.0e+00
 0.0e+00   0.0e+00   0.0e+00   0.0e+00   0.0e+00
 0.0e+00   0.0e+00   0.0e+00
18000 1.0000
  5.6942829702e+00   -4.6228707425e+00    3.0070182714e-02
  4.0037692089e-03    4.9312525039e-03    5.4107902745e-05
 0  0  0  0  0  0  0  0  0  0  0  0  0
 0.0e+00   0.0e+00   0.0e+00   0.0e+00   0.0e+00
 0.0e+00   0.0e+00   0.0e+00   0.0e+00   0.0e+00
 0.0e+00   0.0e+00   0.0e+00
18100 1.0000
 -9.8375702436e+00    2.6014111890e+01   -8.0971430912e-03
 -3.0508217057e-03   -1.1571178215e-03    5.8030850223e-05
 0  0  0  0  0  0  0  0  0  0  0  0  0
 0.0e+00   0.0e+00   0.0e+00   0.0e+00   0.0e+00
 0.0e+00   0.0e+00   0.0e+00   0.0e+00   0.0e+00
 0.0e+00   0.0e+00   0.0e+00
18200 1.0000
 -2.9898126100e+01    1.3337161025e+01   -4.8728234795e-01
 -1.2293676793e-03   -2.7441570867e-03   -2.3711445260e-05
 0  0  0  0  0  0  0  0  0  0  0  0  0
 0.0e+00   0.0e+00   0.0e+00   0.0e+00   0.0e+00
 0.0e+00   0.0e+00   0.0e+00   0.0e+00   0.0e+00
 0.0e+00   0.0e+00   0.0e+00
18300 1.0000
  2.1649591724e+01    4.4512421609e+00   -1.4097869263e-01
 -7.3875759216e-04    3.5810970740e-03   -5.0996751484e-05
 0  0  0  0  0  0  0  0  0  0  0  0  0
 0.0e+00   0.0e+00   0.0e+00   0.0e+00   0.0e+00
 0.0e+00   0.0e+00   0.0e+00   0.0e+00   0.0e+00
 0.0e+00   0.0e+00   0.0e+00
18400 1.0000
 -6.1402001330e-01   -2.1525977284e+01    2.7897646311e-01
  3.6957786653e-03   -1.3154934752e-04    4.4763354363e-05
 0  0  0  0  0  0  0  0  0  0  0  0  0
 0.0e+00   0.0e+00   0.0e+00   0.0e+00   0.0e+00
 0.0e+00   0.0e+00   0.0e+00   0.0e+00   0.0e+00
 0.0e+00   0.0e+00   0.0e+00
18500 1.0000
 -7.2773900225e+00    4.3032122507e+00   -9.9708759902e-02
 -3.0252696062e-03   -5.0887306956e-03    7.0361238451e-05
 0  0  0  0  0  0  0  0  0  0  0  0  0
 0.0e+00   0.0e+00   0.0e+00   0.0e+00   0.0e+00
 0.0e+00   0.0e+00   0.0e+00   0.0e+00   0.0e+00
 0.0e+00   0.0e+00   0.0e+00
18600 1.0000
  1.2737211241e+01   -9.9442218182e+00    1.1004870423e-01
  2.6507604622e-03    3.3722536293e-03   -4.7405748544e-05
 0  0  0  0  0  0  0  0  0  0  0  0  0
 0.0e+00   0.0e+00   0.0e+00   0.0e+00   0.0e+00
 0.0e+00   0.0e+00   0.0e+00   0.0e+00   0.0e+00
 0.0e+00   0.0e+00   0.0e+00
18700 1.0000
 -1.2389823381e+01   -9.7368305827e+00   -5.6567469766e-02
  2.7100260537e-03   -3.3937177536e-03   -3.3984564383e-06
 0  0  0  0  0  0  0  0  0  0  0  0  0
 0.0e+00   0.0e+00   0.0e+00   0.0e+00   0.0e+00
 0.0e+00   0.0e+00   0.0e+00   0.0e+00   0.0e+00
 0.0e+00   0.0e+00   0.0e+00
18800 1.0000
  1.4308225963e+01   -4.3026182055e+00    8.0500377171e-02
  1.2646133428e-03    4.2654612237e-03    8.3931065990e-05
 0  0  0  0  0  0  0  0  0  0  0  0  0
 0.0e+00   0.0e+00   0.0e+00   0.0e+00   0.0e+00
 0.0e+00   0.0e+00   0.0e+00   0.0e+00   0.0e+00
 0.0e+00   0.0e+00   0.0e+00
18900 1.0000
  2.9578292323e+01    8.2571040927e+00    5.6980378939e-01
 -8.3454781828e-04    2.9896236711e-03   -5.3499444840e-06
 0  0  0  0  0  0  0  0  0  0  0  0  0
 0.0e+00   0.0e+00   0.0e+00   0.0e+00   0.0e+00
 0.0e+00   0.0e+00   0.0e+00   0.0e+00   0.0e+00
 0.0e+00   0.0e+00   0.0e+00
19000 1.0000
 -4.2882078338e+00    4.2938490094e+00    3.3220282491e-02
 -4.9429408648e-03   -4.9236782110e-03   -1.0144362956e-04
 0  0  0  0  0  0  0  0  0  0  0  0  0
 0.0e+00   0.0e+00   0.0e+00   0.0e+00   0.0e+00
 0.0e+00   0.0e+00   0.0e+00   0.0e+00   0.0e+00
 0.0e+00   0.0e+00   0.0e+00
19100 1.0000
  2.2337102567e+01    2.3910556084e+00    3.4155141336e-01
 -3.9411749800e-04    3.6129010468e-03    1.4532229654e-05
 0  0  0  0  0  0  0  0  0  0  0  0  0
 0.0e+00   0.0e+00   0.0e+00   0.0e+00   0.0e+00
 0.0e+00   0.0e+00   0.0e+00   0.0e+00   0.0e+00
 0.0e+00   0.0e+00   0.0e+00
19200 1.0000
  2.9084294991e+00   -1.1425597448e+01    1.1432293791e-01
  4.8731538437e-03    1.2119129290e-03    3.1368743254e-05
 0  0  0  0  0  0  0  0  0  0  0  0  0
 0.0e+00   0.0e+00   0.0e+00   0.0e+00   0.0e+00
 0.0e+00   0.0e+00   0.0e+00   0.0e+00   0.0e+00
 0.0e+00   0.0e+00   0.0e+00
19300 1.0000
  2.0797780795e-01    4.1825309455e+00   -6.3985671651e-02
 -8.3935646913e-03    4.1643488905e-04   -2.6799545042e-05
 0  0  0  0  0  0  0  0  0  0  0  0  0
 0.0e+00   0.0e+00   0.0e+00   0.0e+00   0.0e+00
 0.0e+00   0.0e+00   0.0e+00   0.0e+00   0.0e+00
 0.0e+00   0.0e+00   0.0e+00
19400 1.0000
  7.3591066692e-01   -1.9069408450e+01    3.7612805758e-02
  3.9360910861e-03    1.6207762680e-04    5.8439367484e-07
 0  0  0  0  0  0  0  0  0  0  0  0  0
 0.0e+00   0.0e+00   0.0e+00   0.0e+00   0.0e+00
 0.0e+00   0.0e+00   0.0e+00   0.0e+00   0.0e+00
 0.0e+00   0.0e+00   0.0e+00
19500 1.0000
  1.1817556697e+01   -1.7692107436e+00    1.9909030459e-01
  7.2411794975e-04    4.9116483322e-03   -8.2767163429e-06
 0  0  0  0  0  0  0  0  0  0  0  0  0
 0.0e+00   0.0e+00   0.0e+00   0.0e+00   0.0e+00
 0.0e+00   0.0e+00   0.0e+00   0.0e+00   0.0e+00
 0.0e+00   0.0e+00   0.0e+00
19600 1.0000
 -1.2608171039e+01   -3.5844920380e+01   -1.9530878507e-01
  2.6314486046e-03   -9.2743587460e-04   -3.3964430302e-05
 0  0  0  0  0  0  0  0  0  0  0  0  0
 0.0e+00   0.0e+00   0.0e+00   0.0e+00   0.0e+00
 0.0e+00   0.0e+00   0.0e+00   0.0e+00   0.0e+00
 0.0e+00   0.0e+00   0.0e+00
19700 1.0000
  4.6555643015e+00    2.5363141141e+01   -2.5696013644e-01
 -3.3349452421e-03    6.0833181133e-04    1.3094854610e-05
 0  0  0  0  0  0  0  0  0  0  0  0  0
 0.0e+00   0.0e+00   0.0e+00   0.0e+00   0.0e+00
 0.0e+00   0.0e+00   0.0e+00   0.0e+00   0.0e+00
 0.0e+00   0.0e+00   0.0e+00
19800 1.0000
 -5.0435669236e+00    1.6732430021e+00    2.0149833929e-02
 -2.3566455265e-03   -7.0826006883e-03   -9.7914555989e-05
 0  0  0  0  0  0  0  0  0  0  0  0  0
 0.0e+00   0.0e+00   0.0e+00   0.0e+00   0.0e+00
 0.0e+00   0.0e+00   0.0e+00   0.0e+00   0.0e+00
 0.0e+00   0.0e+00   0.0e+00
19900 1.0000
  3.0045533557e+01    8.9952766750e+00   -3.4894045152e-01
 -8.6844845679e-04    2.9562460943e-03    7.7236894873e-06
 0  0  0  0  0  0  0  0  0  0  0  0  0
 0.0e+00   0.0e+00   0.0e+00   0.0e+00   0.0e+00
 0.0e+00   0.0e+00   0.0e+00   0.0e+00   0.0e+00
 0.0e+00   0.0e+00   0.0e+00
20000 1.0000
  1.1734977006e+01   -2.2690442083e+01    7.0609884448e-02
  3.0263480729e-03    1.5520808536e-03   -3.1573647596e-05
 0  0  0  0  0  0  0  0  0  0  0  0  0
 0.0e+00   0.0e+00   0.0e+00   0.0e+00   0.0e+00
 0.0e+00   0.0e+00   0.0e+00   0.0e+00   0.0e+00
 0.0e+00   0.0e+00   0.0e+00
